135 states

1 - (0, 0, 0, -3)
2 - (0, 0, 0, -2)
3 - (0, 0, 0, -1)
4 - (0, 0, 0, 1)   -   l(10,21,52)   -   m(?)
5 - (0, 0, 0, 2)   -   l(11,22,53)
6 - (0, 0, 0, 3)   -   l(12,23,54)
7 - (0, 0, 1, -3)
8 - (0, 0, 1, -2)
9 - (0, 0, 1, -1)
10 - (0, 0, 1, 1)  -   l(15,27,58)
11 - (0, 0, 1, 2)  -   l(16,28,59)
12 - (0, 0, 1, 3)  -   l(17,29,60)
13 - (0, 0, 2, -2)
14 - (0, 0, 2, -1)
15 - (0, 0, 2, 1)  -   l(32,63)
16 - (0, 0, 2, 2)  -   l(33,64)
17 - (0, 0, 2, 3)  -   l(34,65)
18 - (0, 1, 0, -3)
19 - (0, 1, 0, -2)
20 - (0, 1, 0, -1)
21 - (0, 1, 0, 1)  -   l(27,37,69)
22 - (0, 1, 0, 2)  -   l(28,38,70)
23 - (0, 1, 0, 3)  -   l(29,39,71)
24 - (0, 1, 1, -3)
25 - (0, 1, 1, -2)
26 - (0, 1, 1, -1)
27 - (0, 1, 1, 1)  -   l(32,42,75)
28 - (0, 1, 1, 2)  -   l(33,43,76)
29 - (0, 1, 1, 3)  -   l(34,44,77)
30 - (0, 1, 2, -2)
31 - (0, 1, 2, -1)
32 - (0, 1, 2, 1)  -   l(46,80)
33 - (0, 1, 2, 2)  -   l(47,81)
34 - (0, 1, 2, 3)  -   l(48,82)
35 - (0, 2, 0, -3)
36 - (0, 2, 0, -1)
37 - (0, 2, 0, 1)  -   l(42,85)
38 - (0, 2, 0, 2)  -   l(43,86)
39 - (0, 2, 0, 3)  -   l(44,87)
40 - (0, 2, 1, -3)
41 - (0, 2, 1, -1)
42 - (0, 2, 1, 1)  -   l(46,90)
43 - (0, 2, 1, 2)  -   l(47,91)
44 - (0, 2, 1, 3)  -   l(48,92)
45 - (0, 2, 2, -1)
46 - (0, 2, 2, 1)  -   l(94)
47 - (0, 2, 2, 2)  -   l(95)
48 - (0, 2, 2, 3)  -   l(96)
49 - (1, 0, 0, -3)
50 - (1, 0, 0, -2)
51 - (1, 0, 0, -1)
52 - (1, 0, 0, 1)  -   l(58,69,99)
53 - (1, 0, 0, 2)  -   l(59,70,100)
54 - (1, 0, 0, 3)  -   l(60,71,101)
55 - (1, 0, 1, -3)
56 - (1, 0, 1, -2)
57 - (1, 0, 1, -1)
58 - (1, 0, 1, 1)  -   l(63,75,104)
59 - (1, 0, 1, 2)  -   l(64,76,105)
60 - (1, 0, 1, 3)  -   l(65,77,106)
61 - (1, 0, 2, -2)
62 - (1, 0, 2, -1)
63 - (1, 0, 2, 1)  -   l(80,108)
64 - (1, 0, 2, 2)  -   l(81,109)
65 - (1, 0, 2, 3)  -   l(82,110)
66 - (1, 1, 0, -3)
67 - (1, 1, 0, -2)
68 - (1, 1, 0, -1)
69 - (1, 1, 0, 1)  -   l(75,85,113)
70 - (1, 1, 0, 2)  -   l(76,86,114)
71 - (1, 1, 0, 3)  -   l(77,87,115)
72 - (1, 1, 1, -3)
73 - (1, 1, 1, -2)
74 - (1, 1, 1, -1)
75 - (1, 1, 1, 1)  -   l(80,90,118)
76 - (1, 1, 1, 2)  -   l(81,91,119)
77 - (1, 1, 1, 3)  -   l(82,92,120)
78 - (1, 1, 2, -2)
79 - (1, 1, 2, -1)
80 - (1, 1, 2, 1)  -   l(94,122)
81 - (1, 1, 2, 2)  -   l(95,123)
82 - (1, 1, 2, 3)  -   l(96,124)
83 - (1, 2, 0, -3)
84 - (1, 2, 0, -1)
85 - (1, 2, 0, 1)  -   l(90,126)
86 - (1, 2, 0, 2)  -   l(91,127)
87 - (1, 2, 0, 3)  -   l(92,128)
88 - (1, 2, 1, -3)
89 - (1, 2, 1, -1)
90 - (1, 2, 1, 1)  -   l(94,130)
91 - (1, 2, 1, 2)  -   l(95,131)
92 - (1, 2, 1, 3)  -   l(96,132)
93 - (1, 2, 2, -1)
94 - (1, 2, 2, 1)  -   l(133)
95 - (1, 2, 2, 2)  -   l(134)
96 - (1, 2, 2, 3)  -   l(135)
97 - (2, 0, 0, -3)
98 - (2, 0, 0, -2)
99 - (2, 0, 0, 1)  -   l(104,113)
100 - (2, 0, 0, 2) -   l(105,114)
101 - (2, 0, 0, 3) -   l(106,115)
102 - (2, 0, 1, -3)
103 - (2, 0, 1, -2)
104 - (2, 0, 1, 1) -   l(108,118)
105 - (2, 0, 1, 2) -   l(109,119)
106 - (2, 0, 1, 3) -   l(110,120)
107 - (2, 0, 2, -2)
108 - (2, 0, 2, 1) -   l(122)
109 - (2, 0, 2, 2) -   l(123)
110 - (2, 0, 2, 3) -   l(124)
111 - (2, 1, 0, -3)
112 - (2, 1, 0, -2)
113 - (2, 1, 0, 1) -   l(118,126)    -   m(68)
114 - (2, 1, 0, 2) -   l(119,127)    -   m(98)
115 - (2, 1, 0, 3) -   l(120,128)
116 - (2, 1, 1, -3)
117 - (2, 1, 1, -2)
118 - (2, 1, 1, 1) -   l(122,130)    -   m(74)
119 - (2, 1, 1, 2) -   l(123,131)    -   m(103)
120 - (2, 1, 1, 3) -   l(124,132)    -   m(111)
121 - (2, 1, 2, -2)
122 - (2, 1, 2, 1) -   l(133)        -   m(79)
123 - (2, 1, 2, 2) -   l(134)        -   m(107)
124 - (2, 1, 2, 3) -   l(135)        -   m(116)
125 - (2, 2, 0, -3)
126 - (2, 2, 0, 1) -   l(130)        -   m(84)
127 - (2, 2, 0, 2) -   l(131)        -   m(112)
128 - (2, 2, 0, 3) -   l(132)
129 - (2, 2, 1, -3)
130 - (2, 2, 1, 1) -   l(133)        -   m(89)
131 - (2, 2, 1, 2) -   l(134)        -   m(117)
132 - (2, 2, 1, 3) -   l(135)        -   m(125)
133 - (2, 2, 2, 1)                   -   m(93)
134 - (2, 2, 2, 2)                   -   m(121)
135 - (2, 2, 2, 3)                   -   m(129)
